1168 685 299780 1266623884
833 959 759784 1350094380
467 364 605820 1683104489
1154 30 343121 1767014884
388 384 507299 1313005051
909 261 774450 2291532424
17 169 282987 1484997518
213 355 124723 2200935987
error string
963 187 489288 2063300831
609 69 622483 1655591396
error string
725 494 174516 1458008610
276 921 276739 1652282984
1121 26 576906 2374066465
878 676 248685 1846811979
255 771 178338 2221349390
928 72 688927 2100272575
error string
1028 937 85969 2043648555
695 37 68262 1855372909
352 825 820113 2272177792
1247 408 828996 1748624869
error string
466 604 745257 1855267399
317 441 692847 2392320785
369 846 880889 2166367188
1102 933 140507 1624512471
error string
721 873 601650 1800698324
error string
802 951 103664 2079482110
1165 64 665572 1694138835
321 646 75329 1601876650
761 85 260024 2221038596
1208 499 371132 1331711948
134 763 196246 1754418338
739 359 470846 2389777002
error string
782 183 266716 1871340549
1093 155 228900 2345887212
703 112 406230 2246839987
719 42 866508 1973656251
1108 729 142419 1743484628
1019 512 410500 2082937436
450 266 807471 1609034759
77 429 875746 2220621685
570 678 971940 2240021307
1077 709 392891 1358808759
895 301 320380 2432457946
961 464 265071 2387393280
1198 152 693729 1525279952
480 985 400097 2451336644
937 727 576487 2296778731
62 956 685670 1854480776
911 503 594192 1544661305
223 788 428171 1932332417
error string
328 746 532508 1680669727
332 455 361293 2229804305
1081 604 866307 1389800524
777 487 922466 2521646875
error string
918 545 513160 1570322834
949 225 864144 2026509901
107 609 225674 1594684428
1225 472 246966 1841749362
1137 767 936621 1888937834
931 754 293715 1393074134
286 509 907692 1724642823
1186 122 816619 1975840930
103 697 963661 1903849426
953 236 835591 1546926030
707 1009 944048 1732195389
431 50 124677 2011434793
1224 910 539708 2237320120
321 944 473758 1980646158
393 782 618515 1467840158
1131 138 809090 1932799314
1001 302 616435 2474014403
310 541 397229 1605597189
1054 822 991879 2387538878
66 660 14087 1813474767
982 823 804598 2000480943
494 658 266576 2261657142
588 1000 431240 1268970516
571 476 815283 2303063315
1199 899 36642 1269183687
1104 438 636887 2164433397
error string
error string
422 98 591002 2143447323
error string
error string
265 831 159652 1810132008
816 908 710416 1390733502
246 278 983203 2013826437
413 328 212732 1416187504
430 1006 882599 1863479635
31 283 706291 1804517484
1000 540 944504 1763678732
208 45 708814 1419172421
367 343 646257 2213414355
316 194 634885 1799418126
1208 808 374563 1578547614
358 915 476430 1337042580
825 862 108085 1452680605
563 825 7494 1365827887
788 35 314813 2247222900
147 209 317263 1331802870
error string
952 598 599863 2095292389
918 503 68386 1818342640
404 316 54195 2251588024
1032 804 233744 1834520723
163 177 58030 1793720754
211 538 424393 1472939507
error string
107 446 194473 1571521838
1055 105 334895 2262513317
1232 368 533465 2032713837
272 189 163706 1462719381
1247 621 45298 1303366374
257 771 232451 1561679109
840 727 807515 2255728723
1032 606 398810 2126368505
12 913 916673 2216293777
error string
1009 163 448263 1448171352
error string
739 361 910176 1847563105
865 867 396614 2338863791
1191 425 422881 2324636952
1057 476 875880 1599973771
1232 269 702348 2372168031
156 649 840239 2498314430
804 36 109093 2355370979
1013 213 370813 2418225047
357 183 649052 1896283433
1098 553 567343 1833268028
27 848 798479 1965739054
270 744 668452 1488263511
192 967 732743 1971013930
912 878 688160 2446427874
102 955 334779 1414291662
140 209 201502 2447023844
1055 173 996699 1431895512
610 612 187021 2348212708
135 297 998773 1328284515
224 208 451103 1534312574
839 940 496530 1837018148
278 994 228555 1861679584
681 898 883544 2219712944
1214 944 488139 2270055824
580 28 789370 2282545736
300 989 179377 2260624417
554 901 818188 1416673012
1164 812 226768 2095741801
848 744 926575 2022969881
error string
1026 247 762683 1478779104
1261 162 612427 1543159273
316 842 100773 2377205890
473 843 45985 1315297803
135 407 983317 2293438207
894 695 487678 1599552673
202 939 181124 2153170545
465 221 930192 1990222955
828 6 304559 1982384742
error string
501 608 681657 1477646720
1059 261 676666 1280475293
910 539 574777 1792328992
815 288 21668 1640549015
error string
100 468 758479 1615583293
713 282 669562 2250688577
671 920 890446 2329601951
1066 861 179105 1545396797
668 564 256232 2501083548
1082 647 844437 2343112991
334 521 749411 1327408558
978 230 107387 1333808368
988 851 896621 1635627469
1247 332 68657 2039766821
827 232 300913 1299920554
1121 164 433889 1616846934
error string
error string
1114 88 78935 1868230919
347 241 151479 1394330428
290 616 388682 2067935109
954 491 11652 1284664841
1250 460 435673 1400635728
603 722 557201 1384759077
241 244 734150 1741248643
error string
626 269 709571 1406826709
179 922 872045 1769363515
499 929 559375 2186603073
